389
403
87
195 339
387 16
30 321
307 401
358 155
106 363
114 82
169 389
33 312
374 233
379 363
294 169
132 87
73 109
66 113
7 260
31 324
115 87
253 23
366 188
260 116
245 268
64 20
249 141
292 402
23 274
298 1
181 14
201 358
295 344
162 245
73 80
163 377
5 324
256 54
155 396
321 49
244 44
139 316
328 30
352 218
383 89
159 127
41 272
147 91
284 241
207 9
65 117
244 113
41 199
75 144
40 37
259 294
351 95
227 378
190 179
98 264
202 390
123 398
297 181
59 165
57 349
316 257
196 10
184 185
203 222
81 153
366 301
281 297
96 277
25 228
75 374
146 144
246 389
246 400
251 377
309 136
227 31
317 182
242 232
260 135
177 349
387 275
175 60
378 83
47 133
98 236
